\documentclass[preprint]{aastex}
\usepackage{verbatim}
\usepackage{booktabs}
\usepackage{enumerate}
\usepackage[ocgcolorlinks]{hyperref}
\usepackage{amsmath}

\newcommand{\stdFig}[4]{
\begin{figure}[tb]
\center
\includegraphics[scale=#4]{#1}
\caption{\small  #2 }
\label{#3}
\end{figure}
}

\newcommand{\dubFig}[5]{
\begin{figure}[p]
\center
\includegraphics[scale=#5]{#1}
\includegraphics[scale=#5]{#2}
\caption{\small  #3 }
\label{#4}
\end{figure}
}

\newcommand{\tripFig}[6]{
\begin{figure}[p]
\center
\includegraphics[scale=#6]{#1}
\includegraphics[scale=#6]{#2}
\includegraphics[scale=#6]{#3}
\caption{\small  #4 }
\label{#5}
\end{figure}
}

\newcommand{\etal}[0]{et al.}

\newcommand{\stdTable}[4]{
\begin{table}[tb]
\begin{center}
\bgroup 
\begin{small}
\renewcommand{\tabcolsep}{12pt}
#1  \\
\vspace{5 pt}
#2
\end{small}
\egroup
\end{center}
\label{#3}
\end{table}
}

\newcommand{\vwind}{\ensuremath{\textbf{v}_{\rm wind}}}
\newcommand{\angMom}{\ensuremath{\textbf{L}}}
\newcommand{\zhat}{\ensuremath{\hat{\textbf{z}}}}
\newcommand{\xhat}{\ensuremath{\hat{\textbf{x}}}}
\newcommand{\yhat}{\ensuremath{\hat{\textbf{y}}}}


\newcommand{\Alfven}{Alfv\'{e}n }
\newcommand{\cov}{{\rm cov} }

\newcommand{\Mach}{ \ensuremath{\mathcal{M}} }

\newcommand{\vv}[3]{\ensuremath{\left[ #1, \; #2, \; #3 \right]}}
\newcommand{\vvb}[3]{\ensuremath{\left[ \textbf{#1}, \; \textbf{#2}, \; \textbf{#3} \right]}}

\begin{document}

\paragraph{STATS 6503 - PS 9}
\paragraph{Munier Salem} mas2356@columbia.edu

% ===== PROBLEM 1
\section{Bivariate Stationary Series}
Since $\{Y_t\}$ is stationary, we know there exists $E(Y_t) = \mu_Y$ and $\cov(Y_t,Y_{t-l}) = \gamma_Y(l)$ representing its time invariance mean and ACVF at lag $l$, respectively. Looking at the new bivariate series, $\mathbf{X}_t = \{ (Y_t , Y_{t-l} )' \}$, we find
\begin{eqnarray}
\boldsymbol{\mu}_X 	
	&=&	\left[ \begin{array}{cc} E(Y_t) & E(Y_{t-l}) \end{array} \right]'	\nonumber \\
	&=&	\left[ \begin{array}{cc} \mu_Y & \mu_Y \end{array} \right]'	
\end{eqnarray}
and
\begin{eqnarray}
\boldsymbol{\Gamma}_l 	
	&=&	\left[ \begin{array}{cc} 
			\cov(Y_t,Y_{t-l})		&	\cov(Y_t,Y_{t-l-d})	\\
			\cov(Y_{t-d},Y_{t-l})	&	\cov(Y_{t-d}Y_{t-l-d})	
		\end{array} \right]	\nonumber \\
	&=& \left[ \begin{array}{cc} 
			\gamma_Y(l)	&	\gamma_Y(l+d)		\\
			\gamma_Y(l-d)	&	\gamma_Y(l)		
		\end{array} \right]	 \;,
\end{eqnarray}
neither of which are functions of time. Thus the multivariate series is indeed weakly stationary. Normalizing to form the cross-correlation, we find
\begin{eqnarray}
\boldsymbol{\rho}_l 	
	&=& \left[ \begin{array}{cc} 
			\rho_Y(l)		&	\rho_Y(l+d)		\\
			\rho_Y(l-d)	&	\rho_Y(l)		
		\end{array} \right]	\; .
\end{eqnarray}

Finally, we consider 
\begin{eqnarray}
\rho_{12}(l) 	&=&	\frac{\cov(Y_{t},Y_{t-d-l})}{\sqrt{\cov(Y_t,Y_t)\cov(Y_{t-d},Y_{t-d})}} = \frac{\gamma_Y(l+d)}{\gamma_Y(0)} \leq 1
\end{eqnarray}
where the equality will only hold for $l+d \neq 0$. In particular, if $l = -d$, then this expression becomes $1$, and thus  $\rho_{12}(-d) > \rho_{12}(0)$.


% ======== PROBLEM 2 
\section{Tsay Problem 8.1}
\begin{enumerate}[a). ]
\item For the percent returns on IBM, Volkswagen, EW Scripps and S\&P 500, we show the series in Figure \ref{fig:stocks} and compute the mean vector and cross-covariance and cross-correlation matrices, computed in python: 

\stdFig{figures/problem-2-stocks.eps}{Percent of log returns on IBM, Volkswagen EW Scripps and the S\&P from 1926 to 2003.}{fig:stocks}{.7}

\begin{eqnarray}
\boldsymbol{\mu} 		&=&	\left[ \begin{array}{cccc} 
  0.01418214  &  0.00947835  &  0.01314185  &  0.0063875 
\end{array}	 \right]	\\
\boldsymbol{\Gamma}	&=&	\left[ \begin{array}{cccc}
 0.0050514  &   0.00245002  &  0.00277291  &  0.00251844 \\
  0.00245002  &  0.00301416  &  0.00371993  &  0.00305208 \\
  0.00277291  &  0.00371993  &  0.00561261  &  0.00365891 \\
  0.00251844  &  0.00305208  &  0.00365891  &  0.00316578 \end{array}\right]	\\
\boldsymbol{\rho}		&=&	\left[ \begin{array}{cccc}
 1.          &  0.62788642  &  0.52077226  &  0.62977508 \\
  0.62788642  &  1.          &  0.90441826  &  0.9880358  \\
  0.52077226  &  0.90441826  &  1.          &  0.86801758 \\
  0.62977508  &  0.9880358   &  0.86801758  &  1.    \end{array} \right]
\end{eqnarray}

\item (Skipped)

\item We computed the cross-correlation at different lags, and employed Tsay's shorthand matrix notation, indicating where correlation coefficients where off from zero by $2/\sqrt{T}$:
\newpage
\begin{verbatim}
LAG 1      LAG 2      LAG 3      LAG 4
. + + +    . - - -    . - . .    . . . .
. + + +    . . . .    . - - -    . . . .
+ + + +    . . . .    - - - -    . . . .
. + + +    . . . .    . - - -    . . . .
\end{verbatim}
At lag 1, it appears all the returns depend on the other's previous values, with the exception of IBM, which only leads EW. At lag 2, none of the stocks show cross correlations that are significant, except IBM. At lag 3, there are many lags associated with all the stocks, mostly with the exception of IBM. At lag 4 no significant correlations exist.

\end{enumerate}


% ======== PROBLEM 3
\section{Tsay Problem 8.3}
Need to get on this ...


% ======== PROBLEM 4
\section{Tsay Problem 9.2}
We consider the percent log returns of IBM, Hewlett-Packard, Intel Corp., JP Morgan Chase \& Co. and Bank of America, with the time series shown in Figure \ref{fig:stocks-4} and the relation between the returns and distribution of returns shown in Figure \ref{fig:scatter}. 
\stdFig{figures/problem-4-stocks.eps}{Percent of log returns on IBM, Hewlett-Packard, Intel, JP Morgan Chase \& Co, and Bank of America.}{fig:stocks-4}{.7}
\stdFig{figures/problem-4-scatter.eps}{Relation between log returns for IBM, HP, Intel, JP Morgan and BofA. Diagonals show histogram of returns.}{fig:scatter}{.7}

\begin{enumerate}[a). ]

% PART A
\item First we do PCA via the covariance matrix. The matrix was found to be

\begin{equation}
\hat{\boldsymbol{\Sigma}}_{r} = 
\left[ \begin{array}{ccccc} 
74.64  &  42.28  &  48.03  &  30.10  &  21.07 \\
42.28  &  112.22  &  70.45  &  42.42  &  26.30  \\
48.03  &  70.45  &  146.50  &  44.59  &  29.24  \\
30.10  &  42.42  &  44.59  &  106.04  &  67.45  \\
21.07  &  26.30  &  29.24  &  67.45  &  91.83 
\end{array} \right]
\end{equation}

We performed a PCA by finding the eigenvalues and corresponding eigenvectors, displaying the results as in Tsay Table 9.3:

\begin{center}
\renewcommand{\tabcolsep}{16pt}
\begin{tabular}{lccccc}
\hline
Eigenvalues 	&	284.17  &  112.93  &  57.44  &  46.81  &  29.87	\\
Proportion		& 	0.53  &  0.21  &  0.11  &  0.09  &  0.06	\\
Cumulative	& 	0.53  &  0.75  &  0.86  &  0.94  &  1.00	\\
Eigenvector	&	-0.33  &  -0.14  &  -0.26  &  0.90  &  0.01	\\
			&	-0.48  &  -0.28  &  -0.70  &  -0.43  &  0.12	\\
			&	-0.58  &  -0.48  &  0.65  &  -0.10  &  0.02	\\
			&	-0.45  &  0.55  &  0.01  &  -0.06  &  -0.70	\\
			&	-0.35  &  0.61  &  0.12  &  -0.01  &  0.70	\\
\hline	
\end{tabular}
\end{center}

From this we find the first principal component is a roughly equal superposition of all stocks, and thus a ``market?? component of scatter, responsible for roughly 53\% of the variation. The next term is signed by industry, with IBM, HP and Intel all of the same sign, whereas JPM and BofA are of the opposite; this industry term explains roughly 21\% of the scatter.

% PART B
\item Next, we repeat this exercise, but using the correlation matrix:

\begin{equation}
\hat{\boldsymbol{\rho}}_{r} = 
\left[ \begin{array}{ccccc} 
1.00  &  0.46  &  0.46  &  0.34  &  0.25 \\
0.46  &  1.00  &  0.55  &  0.39  &  0.26 \\
0.46  &  0.55  &  1.00  &  0.36  &  0.25 \\
0.34  &  0.39  &  0.36  &  1.00  &  0.68 \\
0.25  &  0.26  &  0.25  &  0.68  &  1.00 
\end{array} \right]
\end{equation}

\begin{center}
\renewcommand{\tabcolsep}{16pt}
\begin{tabular}{lccccc}
\hline
Eigenvalues 	&	2.61  &  1.07  &  0.57  &  0.30  &  0.45 \\
Proportion		& 	0.52  &  0.21  &  0.11  &  0.06  &  0.09 \\
Cumulative	& 	0.52  &  0.74  &  0.85  &  0.91  &  1.00 \\
Eigenvector	&	-0.43  &  -0.34  &  0.84  &  0.01  &  0.00 \\
			&	-0.46  &  -0.36  &  -0.38  &  0.14  &  -0.70 \\
			&	-0.45  &  -0.39  &  -0.39  &  0.02  &  0.70 \\
			&	-0.48  &  0.47  &  -0.05  &  -0.74  &  -0.05 \\
			&	-0.42  &  0.62  &  0.03  &  0.66  &  0.07 \\
\hline	
\end{tabular}
\end{center}
These results agree roughly with the covariance matrix approach (and exactly with Tsay?s results).

% PART C
\item The Scree plot in Figure \ref{fig:scree-4}. The elbow occurs around the third eigenvalue, suggesting 3 common factors are warranted here.

\stdFig{figures/problem-4-scree.eps}{Scree plot for problem 4 ... the first three factors look important (elbow?s around there).}{scree-4}{.3}


% ======== PROBLEM 5
\section{Tsay Problem 9.5}
The returns for our stocks in this problem are shown in Figure \ref{fig:stocks-5}.
\stdFig{figures/problem-5-stocks.eps}{Percent of log returns for our stocks in Problem 5.}{fig:stocks-5}{.8}

We began by performing PCA, using the correlation matrix:

\begin{center}
\renewcommand{\tabcolsep}{3pt}
\begin{small}
\begin{tabular}{lcccccccccccccc}
\hline
Eigenvalues 	&	5.36 & 1.40 & 1.07 & 1.00 & 0.91 & 0.83 & 0.18 & 0.73 & 0.62 & 0.28 & 0.30 & 0.47 & 0.39 & 0.43 \\
Proportion		& 	0.38 & 0.10 & 0.08 & 0.07 & 0.07 & 0.06 & 0.01 & 0.05 & 0.04 & 0.02 & 0.02 & 0.03 & 0.03 & 0.03 \\
Cumulative	& 	0.38 & 0.48 & 0.56 & 0.63 & 0.70 & 0.76 & 0.77 & 0.82 & 0.87 & 0.89 & 0.91 & 0.94 & 0.97 & 1.00 \\
Eigenvector	&	0.31 & -0.23 & 0.23 & 0.09 & -0.17 & -0.37 & 0.11 & 0.09 & -0.15 & -0.67 & -0.23 & 0.11 & -0.25 & -0.03 \\
			&	0.27 & 0.08 & -0.31 & -0.04 & 0.45 & 0.00 & 0.35 & 0.51 & 0.19 & -0.02 & -0.07 & -0.31 & -0.09 & -0.32 \\
			&	0.27 & -0.03 & 0.41 & 0.09 & -0.13 & -0.41 & -0.00 & 0.08 & 0.47 & 0.35 & 0.38 & -0.17 & -0.15 & 0.14 \\
			&	0.30 & -0.10 & 0.36 & 0.05 & 0.17 & 0.43 & 0.07 & 0.07 & -0.08 & 0.30 & -0.51 & 0.00 & -0.20 & 0.39 \\
			&	0.20 & 0.08 & -0.25 & 0.37 & 0.53 & -0.14 & -0.00 & -0.60 & 0.11 & -0.13 & 0.06 & 0.01 & -0.08 & 0.25 \\
			&	0.26 & -0.12 & 0.40 & -0.21 & 0.16 & 0.45 & 0.06 & -0.26 & -0.12 & -0.22 & 0.46 & -0.17 & 0.08 & -0.32 \\
			&	0.27 & -0.38 & -0.35 & 0.03 & -0.17 & -0.01 & 0.19 & -0.11 & -0.31 & 0.41 & 0.20 & 0.32 & -0.36 & -0.21 \\
			&	0.21 & 0.42 & 0.20 & -0.17 & 0.18 & -0.44 & 0.05 & -0.06 & -0.57 & 0.26 & -0.09 & -0.01 & 0.27 & -0.11 \\
			&	0.29 & 0.14 & -0.10 & -0.43 & 0.05 & 0.05 & 0.16 & 0.10 & 0.27 & -0.12 & 0.13 & 0.64 & 0.26 & 0.27 \\
			&	0.25 & 0.18 & -0.15 & 0.49 & -0.23 & 0.21 & 0.01 & 0.34 & -0.31 & -0.11 & 0.36 & -0.11 & 0.23 & 0.36 \\
			&	0.16 & 0.53 & -0.21 & -0.35 & -0.37 & 0.12 & 0.06 & -0.22 & 0.02 & -0.10 & -0.02 & -0.29 & -0.46 & 0.13 \\
			&	0.25 & 0.32 & 0.07 & 0.42 & -0.30 & 0.16 & 0.04 & -0.17 & 0.29 & 0.07 & -0.28 & 0.22 & 0.20 & -0.51 \\
			&	0.25 & -0.40 & -0.24 & -0.19 & -0.27 & -0.08 & 0.16 & -0.24 & 0.08 & 0.05 & -0.23 & -0.41 & 0.52 & 0.12 \\
			&	0.38 & -0.07 & -0.18 & -0.13 & 0.07 & 0.00 & -0.87 & 0.13 & 0.02 & 0.00 & -0.06 & -0.02 & -0.02 & -0.11 \\
\hline	
\end{tabular}
\end{small}
\end{center}

The eigenvalues are shown graphically in the Scree plot of Figure \ref{fig:scree}. The elbow of this scree plot appears to be around the 2nd factor, indicating that 2 common factors are appropriate for these data. The first eigenvector appears to be roughly equally weighted and positive for all stocks and the S\&P -- this suggests its the amount of variance explained by the broader market?s movement. The second term is a little more ambiguous. The negative terms tend to be machinery/manufacturing intensive stocks (American Airlines, Caterpillar, Ford, etc ... ) whereas the positive ones tend to be more research / technology / information intensive stocks (Proctor \& Gamble, AGE, NY Times, etc ...), so perhaps this a ``sector?? term.

\stdFig{figures/scree.eps}{Scree plot for Problem 5.}{fig:scree}{.4} 

These led to the following loading factors with PCA:

\begin{equation}
\hat{\boldsymbol{\beta}} = \left[ \begin{array}{ccc}
-0.23	& -0.23	& 0.63	\\
-0.25	& -0.24	& -0.29	\\
-0.25	& -0.26	& -0.29	\\
-0.26	& 0.32	& -0.03	\\
-0.23	& 0.42	& 0.03	
\end{array} \right]
\end{equation}

\end{enumerate}
\end{document}